_viz_ace_editor = nengo_gui.components.AceEditor()
_viz_net_graph = nengo_gui.components.NetGraph()
_viz_sim_control = nengo_gui.components.SimControl()
_viz_config[_viz_sim_control].kept_time = 4.0
_viz_config[_viz_sim_control].shown_time = 0.5
_viz_config[model].pos=(0, 0)
_viz_config[model].size=(1.0, 1.0)
_viz_config[model].expanded=True
_viz_config[model].has_layout=True
_viz_config[model.action].pos=(0.19934640522875813, 0.07552870090634442)
_viz_config[model.action].size=(0.065359477124183, 0.06042296072507553)
_viz_config[model.action].expanded=False
_viz_config[model.action].has_layout=False
_viz_config[model.action.state_ensembles].expanded=False
_viz_config[model.action.state_ensembles].has_layout=False
_viz_config[model.env].pos=(0.063082911960002, 0.5453385563350216)
_viz_config[model.env].size=(0.03644341721079147, 0.05304504412241625)
_viz_config[model.probability].pos=(0.5704358522435207, 0.4060670455903183)
_viz_config[model.probability].size=(0.03961041345377096, 0.04912352569682694)
_viz_config[model.probability].expanded=False
_viz_config[model.probability].has_layout=True
_viz_config[model.probability.input].pos=(0.12745098039215685, 0.5)
_viz_config[model.probability.input].size=(0.07843137254901959, 0.2)
_viz_config[model.probability.output].pos=(0.872549019607843, 0.5)
_viz_config[model.probability.output].size=(0.07843137254901959, 0.2)
_viz_config[model.probability.state_ensembles].pos=(0.5, 0.5)
_viz_config[model.probability.state_ensembles].size=(0.4, 0.4)
_viz_config[model.probability.state_ensembles].expanded=False
_viz_config[model.probability.state_ensembles].has_layout=True
_viz_config[model.probability.state_ensembles.ea_ensembles[0]].pos=(0.49999999999999994, 0.5)
_viz_config[model.probability.state_ensembles.ea_ensembles[0]].size=(0.09803921568627451, 0.25)
_viz_config[model.prod].pos=(0.5254094147022115, 0.6462611159472248)
_viz_config[model.prod].size=(0.065359477124183, 0.06042296072507553)
_viz_config[model.prod].expanded=False
_viz_config[model.prod].has_layout=True
_viz_config[model.prod.A].pos=(0.10655737704918032, 0.7727272727272726)
_viz_config[model.prod.A].size=(0.06557377049180327, 0.03636363636363636)
_viz_config[model.prod.B].pos=(0.10655737704918032, 0.22727272727272724)
_viz_config[model.prod.B].size=(0.06557377049180327, 0.03636363636363636)
_viz_config[model.prod.output].pos=(0.8934426229508197, 0.5)
_viz_config[model.prod.output].size=(0.06557377049180327, 0.03636363636363636)
_viz_config[model.prod.sq1].pos=(0.49999999999999994, 0.7727272727272726)
_viz_config[model.prod.sq1].size=(0.16393442622950818, 0.1818181818181818)
_viz_config[model.prod.sq1].expanded=False
_viz_config[model.prod.sq1].has_layout=False
_viz_config[model.prod.sq2].pos=(0.49999999999999994, 0.22727272727272724)
_viz_config[model.prod.sq2].size=(0.16393442622950818, 0.1818181818181818)
_viz_config[model.prod.sq2].expanded=False
_viz_config[model.prod.sq2].has_layout=False
_viz_config[model.q].pos=(0.0738782404347503, 0.8776563060064504)
_viz_config[model.q].size=(0.065359477124183, 0.06042296072507553)
_viz_config[model.q].expanded=False
_viz_config[model.q].has_layout=False
_viz_config[model.q.state_ensembles].expanded=False
_viz_config[model.q.state_ensembles].has_layout=False
_viz_config[model.state].pos=(0.22556363369317772, 0.37677727140833417)
_viz_config[model.state].size=(0.029778952779613652, 0.029349514397391897)
_viz_config[model.state].expanded=False
_viz_config[model.state].has_layout=False
_viz_config[model.state.state_ensembles].expanded=False
_viz_config[model.state.state_ensembles].has_layout=False
_viz_config[model.state_and_action].pos=(0.406660791657486, 0.4272534862682852)
_viz_config[model.state_and_action].size=(0.040660373378180716, 0.12267027900535879)
_viz_config[model.value].pos=(0.3798193434677242, 0.8539693105979146)
_viz_config[model.value].size=(0.03447312429673657, 0.10400366313252728)