_viz_0 = nengo_gui.components.Value(post)
_viz_config[_viz_0].synapse = 0.01
_viz_config[_viz_0].max_value = 1
_viz_config[_viz_0].min_value = -1
_viz_config[_viz_0].legend_labels = [u'label_0', u'label_1', u'label_2']
_viz_config[_viz_0].height = 0.16778523489932887
_viz_config[_viz_0].label_visible = True
_viz_config[_viz_0].width = 0.09737098344693282
_viz_config[_viz_0].show_legend = False
_viz_config[_viz_0].y = 0.21644587102421936
_viz_config[_viz_0].x = 0.8328412986354724
_viz_1 = nengo_gui.components.Value(pre)
_viz_config[_viz_1].synapse = 0.01
_viz_config[_viz_1].max_value = 1
_viz_config[_viz_1].min_value = -1
_viz_config[_viz_1].legend_labels = [u'label_0', u'label_1', u'label_2']
_viz_config[_viz_1].height = 0.16778523489932887
_viz_config[_viz_1].label_visible = True
_viz_config[_viz_1].width = 0.09737098344693282
_viz_config[_viz_1].show_legend = False
_viz_config[_viz_1].y = 0.21695953701001847
_viz_config[_viz_1].x = 0.39923630470448584
_viz_2 = nengo_gui.components.Value(error)
_viz_config[_viz_2].synapse = 0.01
_viz_config[_viz_2].max_value = 1
_viz_config[_viz_2].min_value = -1
_viz_config[_viz_2].legend_labels = [u'label_0', u'label_1', u'label_2']
_viz_config[_viz_2].height = 0.16778523489932887
_viz_config[_viz_2].label_visible = True
_viz_config[_viz_2].width = 0.13869625520110956
_viz_config[_viz_2].show_legend = False
_viz_config[_viz_2].y = 0.7924628927147168
_viz_config[_viz_2].x = 0.6645100127296564
_viz_ace_editor = nengo_gui.components.AceEditor()
_viz_net_graph = nengo_gui.components.NetGraph()
_viz_sim_control = nengo_gui.components.SimControl()
_viz_config[_viz_sim_control].kept_time = 4.0
_viz_config[_viz_sim_control].shown_time = 0.5
_viz_config[error].pos=(0.8972602739726027, 0.5137748731157663)
_viz_config[error].size=(0.0684931506849315, 0.10416666666666666)
_viz_config[model].pos=(0, -0.0033582064490996644)
_viz_config[model].size=(1.0, 1.0)
_viz_config[model].expanded=True
_viz_config[model].has_layout=True
_viz_config[post].pos=(0.6232876712328768, 0.211691539782433)
_viz_config[post].size=(0.0684931506849315, 0.10416666666666666)
_viz_config[pre].pos=(0.34931506849315064, 0.211691539782433)
_viz_config[pre].size=(0.0684931506849315, 0.10416666666666666)
_viz_config[stim_state].pos=(0.08904109589041095, 0.211691539782433)
_viz_config[stim_state].size=(0.0547945205479452, 0.08333333333333333)
_viz_config[stim_state_delay].pos=(0.08904109589041095, 0.8158582064490996)
_viz_config[stim_state_delay].size=(0.0547945205479452, 0.08333333333333333)